8
15
20
22
27
28
51
78
83
88
91
94
108
109
113
114
118
125
127
154
162
169
179
183
196
197
204
217
241
242
249
260
262
263
286
289
294
314
339
341
344
372
392
408
409
416
469
470
471
472
488
497
511
521
543
546
550
553
557
567
581
588
615
619
638
645
661
721
723
725
728
732
744
745
761
771
779
795
796
814
836
837
847
861
890
894
962
969
995
10
13
19
26
31
38
44
50
67
87
101
105
145
149
150
153
155
187
195
201
211
216
254
256
275
277
287
300
301
320
367
381
386
387
401
402
404
413
415
438
447
458
461
468
475
481
508
513
522
524
555
559
561
576
606
617
620
623
654
665
670
686
706
714
735
739
740
751
775
799
813
840
846
856
867
885
889
913
929
939
942
950
954
960
964
982
991
993
994
4
5
11
49
52
72
89
92
99
103
130
137
138
139
148
166
228
231
236
281
296
302
304
307
313
318
327
348
360
368
370
394
410
411
422
423
429
444
451
454
455
457
494
504
539
541
544
616
644
677
679
703
716
729
755
756
757
765
768
770
777
803
808
830
832
855
858
864
880
881
887
899
912
923
932
956
963
972
988
9
35
80
93
98
106
115
129
134
147
156
157
167
202
208
259
265
285
292
297
305
321
330
345
371
388
443
462
490
499
500
507
525
530
532
549
572
583
612
613
627
643
653
662
675
697
705
712
736
760
794
801
825
833
841
853
860
862
872
896
900
903
905
907
926
936
937
947
953
984
986
992
6
18
25
111
120
146
159
165
199
227
244
245
251
252
272
273
336
347
355
361
373
382
391
405
426
434
435
436
437
459
474
502
528
534
566
570
584
610
622
624
650
663
664
689
695
707
718
737
743
763
805
812
831
844
857
870
879
888
920
944
952
987
36
39
47
60
65
76
95
102
123
142
163
168
171
178
198
203
225
232
233
234
238
250
255
261
266
267
279
284
288
328
353
358
369
421
430
478
483
492
501
517
582
585
590
595
597
604
651
657
669
684
687
711
715
719
753
754
786
810
818
838
863
865
876
886
922
935
949
965
2
46
59
62
71
143
177
193
212
213
218
222
274
331
359
390
428
440
446
464
473
529
545
565
577
591
599
601
628
656
682
693
710
724
727
776
804
811
816
839
849
850
851
875
908
911
919
925
927
931
934
975
990
997
37
45
58
77
82
85
136
174
186
206
209
214
215
246
269
298
332
337
343
346
356
377
380
384
453
484
486
487
491
510
519
535
540
608
630
631
633
636
652
660
668
672
680
698
702
713
717
720
733
773
781
785
791
806
807
809
819
822
823
824
868
874
893
895
910
961
981
983
64
68
69
86
110
112
132
164
175
191
316
325
326
334
340
351
419
431
441
466
527
542
552
556
575
589
634
635
647
655
678
685
730
741
747
762
764
772
829
843
848
883
898
914
938
941
946
955
968
976
17
33
42
43
53
79
97
152
207
210
220
253
276
306
308
322
324
333
403
418
420
445
449
493
496
505
506
512
523
558
569
603
691
694
722
748
749
750
758
766
784
859
945
959
971
980
989
999
509
789
817
23
32
40
55
61
81
100
124
128
141
160
188
189
200
224
243
247
257
290
309
319
329
349
354
374
383
414
425
463
465
514
518
562
573
596
607
609
614
629
648
676
688
701
746
788
792
797
827
845
878
897
957
973
1
3
7
12
16
21
24
29
30
34
48
54
57
63
66
70
73
74
84
90
96
104
107
116
117
119
121
122
126
131
133
140
151
158
161
172
173
176
181
182
185
190
192
205
219
221
223
226
229
230
237
239
240
248
268
270
271
278
280
283
291
295
299
303
310
311
312
317
323
335
338
342
350
352
362
363
364
365
366
376
385
389
393
396
398
399
406
407
412
417
424
427
432
433
439
442
450
452
456
460
467
477
479
480
482
485
495
498
516
520
526
533
536
537
538
548
551
554
563
564
571
574
578
579
580
586
592
594
602
605
611
625
626
632
637
640
641
642
649
659
666
671
673
674
681
683
690
692
696
708
709
726
731
734
738
752
759
767
774
778
780
787
790
793
798
800
802
815
820
821
826
828
834
835
842
852
866
869
873
877
882
884
891
892
901
906
909
915
916
917
918
921
924
928
930
933
943
951
958
966
967
970
974
977
978
979
985
996
998
14
41
56
75
135
144
170
180
184
194
235
258
264
282
293
315
357
375
378
379
395
397
400
448
476
489
503
515
531
547
560
568
587
593
598
600
618
621
639
646
658
667
699
700
704
742
769
782
783
854
871
902
904
940
948
0